ATALANTA, [2,1,3,2,2,1,0,2,2,3,1,1,1,0,3,4,0,1,1,5,0,2,3,4,3,1,1,2,0,3,1,2], [0,2,0,3,0,0,0,3,0,0,2,1,2,3,2,1,1,0,1,0,4,0,1,1,0,1,2,2,0,0,2,2]
BOLOGNA, [0,1,2,0,0,0,3,2,2,1,1,1,2,1,2,2,1,0,1,1,2,2,4,4,2,2,2,0,1,3,0,0], [2,1,1,0,0,0,0,2,1,1,0,2,0,1,1,0,0,3,1,2,0,2,2,0,1,0,1,1,0,0,0,0]
CAGLIARI, [0,0,1,0,0,1,0,1,2,4,2,1,1,0,2,1,0,0,1,2,1,1,0,1,1,1,1,4,0,1,2,2],  [0,2,2,0,2,3,3,4,2,3,1,2,1,1,1,2,2,0,1,1,3,2,4,3,1,1,0,2,1,1,1,2]
EMPOLI, [0,0,0,0,0,1,0,0,2,0,1,1,3,1,1,0,0,0,0,1,3,1,0,3,1,3,0,0,0,0,3,0], [1,2,2,7,1,0,3,0,0,3,2,0,4,1,1,1,2,0,3,2,0,1,0,1,1,2,1,1,1,2,2,1]
FIORENTINA, [4,2,0,3,2,1,3,3,0,0,0,2,0,3,1,1,1,1,0,2,0,0,2,5,1,2,0,2,0,1,0,1], [1,2,4,2,0,1,0,1,2,1,1,1,1,0,1,0,0,0,1,2,2,1,3,1,1,1,0,2,0,2,1,1]
FROSINONE, [1,2,0,4,1,1,0,2,1,3,2,0,2,1,0,1,1,1,2,0,3,1,2,1,0,2,1,0,2,1,0,2], [3,1,0,2,1,1,2,1,2,4,1,2,1,3,0,2,2,3,3,5,1,1,3,5,3,3,1,1,3,1,0,2]
GENOA, [1,1,0,2,0,4,2,0,0,1,1,1,1,1,0,1,2,1,1,0,2,2,0,1,1,2,1,2,0,1,2,1], [4,0,1,2,1,1,2,1,2,0,2,0,2,1,1,1,1,1,1,0,1,1,0,4,1,0,2,3,0,1,1,1]
INTER, [2,2,4,5,1,1,4,2,3,1,2,2,1,3,4,2,2,1,2,5,4,1,1,4,4,4,2,1,1,2,2,2], [0,0,0,1,0,2,0,2,0,0,1,0,1,0,0,0,0,1,1,1,0,0,0,2,0,0,1,0,1,0,1,2]
JUVENTUS, [3,1,2,3,2,1,0,2,1,1,1,2,1,2,1,1,2,1,2,3,3,1,0,0,2,3,1,2,0,0,1,0], [0,1,0,1,4,0,0,0,0,0,0,1,1,1,0,1,1,0,1,0,0,1,1,1,2,2,2,2,0,1,0,0]
LAZIO, [1,0,2,1,1,2,0,3,2,1,0,0,1,1,1,0,2,3,2,1,2,0,1,3,1,1,0,1,3,1,0,4], [2,1,1,3,1,0,2,2,0,0,1,0,2,0,1,2,0,1,1,0,0,0,3,1,2,2,1,2,2,0,1,1]
LECCE, [2,2,2,1,1,0,0,1,1,0,1,2,2,1,1,2,0,0,1,0,0,1,3,0,0,0,1,0,1,0,0,1], [1,2,0,1,0,1,4,1,1,1,2,2,2,1,1,1,2,1,1,1,3,2,2,4,2,4,1,1,0,0,3,0]
MILAN, [2,4,2,1,1,3,2,1,0,2,0,2,1,3,2,3,2,1,3,3,3,2,3,1,2,1,1,1,3,2,3,3], [0,1,1,5,0,1,0,0,1,2,1,2,0,1,3,0,2,0,0,1,2,2,2,0,4,1,0,0,1,1,0,3]
MONZA, [0,2,0,1,1,0,1,3,0,1,3,1,1,1,1,0,0,0,3,1,0,1,0,0,4,2,1,3,1,0,2], [2,0,3,1,1,0,0,0,1,1,1,1,1,2,0,3,1,0,2,5,3,0,0,0,2,0,4,2,0,1,4]
NAPOLI, [3,2,1,2,0,4,4,1,3,2,2,0,2,0,0,2,0,0,0,2,6,0,2,0,1,1,2,1,1,0,4,2], [1,0,2,2,0,1,0,3,1,2,0,1,1,3,1,1,2,0,3,1,1,0,1,1,1,1,1,1,1,3,2,2]
ROMA, [2,1,1,7,1,1,2,4,1,0,2,0,3,2,1,0,2,0,1,1,2,2,4,2,3,3,4,2,1,0,1,1], [2,2,2,0,1,4,0,1,0,1,1,0,1,1,1,2,0,1,1,3,1,1,0,4,0,2,1,2,0,0,0,1]
SALERNITANA, [2,1,0,0,1,0,0,0,2,0,0,2,2,0,1,1,2,1,1,1,1,1,0,1,0,0,1,2,0,0,2,1], [2,1,2,3,1,1,4,3,2,1,2,2,1,3,2,4,2,0,2,2,2,2,0,3,4,2,1,4,1,3,2,4]
SASSUOLO, [0,0,3,2,4,2,0,1,0,1,1,2,4,1,1,2,1,0,1,0,1,0,2,1,0,2,0,1,0,1,2,3], [2,2,1,4,2,1,1,1,2,1,2,2,3,2,2,2,2,1,0,3,6,1,4,1,3,3,1,0,1,1,2,3]
TORINO, [0,1,1,3,1,0,0,0,0,1,2,1,0,3,0,1,1,0,3,0,0,2,0,1,2,2,0,1,2,1,2,0], [0,4,0,0,1,2,0,2,3,0,1,1,2,0,0,0,1,1,0,0,2,1,0,1,0,3,0,1,0,0,3,0]
UDINESE, [0,1,0,0,0,1,2,0,1,1,1,1,1,3,0,2,1,3,1,2,2,0,0,1,1,0,1,2,0,1,1,1], [3,1,0,0,2,4,2,0,1,1,0,1,3,3,4,2,1,0,2,2,3,2,0,0,1,2,1,1,2,1,2,1]
VERONA, [1,2,1,0,0,0,0,1,1,0,1,0,2,3,1,0,2,0,1,2,1,1,1,0,2,0,1,1,1,1,1,2], [0,1,3,0,1,1,0,2,3,1,3,1,2,3,1,1,0,1,2,1,2,1,2,0,2,2,0,0,3,1,2,2]